(53) 32-243017
(53) 32-284630
(53) 7204 3145
(53) 7214 4971-76
(53) 7333079
(53) 7832 4550 
(53) 78392204
+0000
+0000-00
+0100-02
+0102-0103
+0110-0111
+0128-0129
+0131
+0152-0153
+0168-0169
+02905
+0300-0301
+0301
+0303-0304
+0304
+0308
+0308-0309
+0323
+0329
+0370-0377
+0384-038
+0400-045
+0460-052
+0490-0491
+0900-097
+1000
+2000-206
+2020
+2113
+2116
+2122
+2191
+2193
+2212
+2215
+32 700
+53 5 5159873
+53 50939620
+53 54709342
+53 55819156
+53 7 859 30
+53 7 859 30 41
+53 7 8810931
+53 7 8818513
+53 78350221
+53 78819732
+53 78838282
+53) 33 22
+53) 7 206
+53) 7 8775887
+53) 72745100
+53) 78315588
+53) 7861 0261
+53) 7863 4062
+53) 78694200
+5352969106
+537) 836-9183
+537-260 8030
+537-266 3000
+5378328077
+5378380008
+5378634062
+5378775887
+5378791313
+53-7-8810931
+53-7-8818513
+53-800-11011
+604800
+6583
+76 000
0 0 0 0
0 0 0 18
0 0 0 2
0 0 0 21
0 0 0 3
0 0 0-1
0 0 0-2
0 0 0-3
0 0 1 1
0 0 1 13
0 0 1 3
0 0 1 5
0 0 1.75
0 0 100
0 0 100 100
0 0 1000 100
0 0 1-1
0 0 12
0 0 1-2
0 0 1200 600
0 0 16 16
0 0 1792 1792
0 0 18 28
0 0 2 20
0 0 20 20
0 0 24 24
0 0 25
0 0 352 512
0 0 423.33332
0 0 448 448
0 0 448 512
0 0 46.76
0 0 47.4
0 0 476.213
0 0 48.62
0 0 49.67
0 0 512 384
0 0 512 512
0 0 512.001
0 0 75
0 0.07
0 0.1-0
0 0.2784313725490
0 0.4980392156862
0 0.6470588235294
0 0.6627450980392
0 0.9490196078431
0 000-10.324
0 0022 5.92
0 003.292 4
0 005.516 5
0 006.29 1
0 0-1 1
0 0-1.414
0 010
0 01-1.153
0 011.153-1
0 01-1.772
0 011.772 1
0 0114 0
0 0118 0
0 012 18.407
0 01-2.357
0 012.8 9
0 01-2.827
0 015.45 2
0 016 0
0 016.5 17
0 016.5 7
0 0-5.232
0 1 0 0
0 1 1 0
0 1 1-9
0 1 8.302
0 1.1 0
0 1.414 1
0 1.794-1
0 100 10.324
0 100 11 5
0 105.75-86
0 106-86 192
0 11.3
0 113 0 1
0 12 0
0 12 12 12
0 12.75
0 16 6.5
0 16.25-12
0 17.75-14
0 19.75-8
0 19-7.75
0 2.192 2
0 2.456.011
0 2.643
0 25.75-8
0 26-19 45
0 3 9.749
0 3.255
0 3.93.502
0 35.5-10
0 4.25-3
0 4.5 4
0 4.991 3
0 40-28 68
0 416
0 44.48
0 45.25
0 5.592 3
0 6.25-2
0 6.5 5
0 6.6-5
0 6-2.25
0 7.18465
0 8.07 0
0 9.5-0
0.0.221
0.000000
0.0041
0.007
0.008
0.0081 3.92175
0.00938
0.01228 4
0.0127
0.0178
0.0198
0.01997 6
0.0201
0.02113
0.0212
0.0232
0.0235
0.0237
0.0268
0.0274
0.0295355
0.033
0.0383
0.042313724
0.043
0.0449
0.0456
0.0534
0.0577
0.062
0.0627
0.0655
0.0661
0.0718
0.0767
0.0807
0.08086 0
0.0811
0.086
0.0878
0.0898 5.2805
0.09041
0.0907
0.09234
0.09443 6
0.09561 3
0.098039215686275
0.0998
0.1 0.1
0.1 0-0
0.1-0.1
0.1-0.3
0.1-0.6
0.10349
0.104892 10
0.1-1.5
0.115787
0.11720943
0.12263
0.12276
0.12424
0.12469975
0.12635367
0.12653 0
0.127582
0.13.7
0.13157
0.13283
0.13537
0.135883 2
0.13914
0.14388
0.145908 5
0.14662
0.147212 5
0.15097
0.15956
0.16489 0
0.166033 5
0.17028
0.179053 3
0.182954 1
0.18551
0.1881
0.191943 4
0.19688
0.2 0.2
0.2 0.4
0.2-0.2
0.2-0.4
0.2-0.7
0.20006 13
0.20622
0.2116
0.21222
0.21591
0.23084 0
0.23238
0.23569
0.237347 6
0.24853
0.24942
0.24946
0.25) 20
0.250080
0.25297
0.25490196078431
0.25497
0.25597
0.25818
0.26279 7
0.26446
0.264583
0.266624
0.26924
0.27843137254902
0.28426
0.28487
0.28642
0.29582
0.29692 1
0.3 0.1
0.3-0.1
0.3-0.4
0.3-0.7
0.301586 0
0.30173
0.30414
0.3-1.9
0.311797 0
0.316855 0
0.32118
0.326959 0
0.327878 2
0.32934
0.33024
0.33085
0.336614
0.34132
0.34292
0.34351
0.34796 2
0.35245
0.35294117647059
0.35691
0.36391344
0.36603
0.36771 4
0.37332
0.3826
0.38828
0.39-0.39
0.39001 3
0.39008 0
0.39-1.02
0.4 0.2
0.4-0.2
0.40193
0.403354 4
0.40392156862745
0.41215
0.41552
0.41960784313725
0.42889
0.429906 0
0.43592
0.440865 2
0.44705882352941
0.450836 0
0.45999
0.466293 2
0.47058823529412
0.48091
0.48517
0.49068
0.4994 5.26506
0.5-0.1
0.5-0.5
0.5119
0.514056
0.51691
0.5-19.75
0.521501 0
0.52828
0.5-3-1
0.532147
0.544929 2
0.54901960784314
0.554958 9
0.57333 19
0.582472
0.5921568627451
0.603524 4
0.61286638
0.614478 6
0.625
0.631549 13
0.63728
0.6412
0.64821
0.65098039215686
0.653049 2
0.65524
0.66048
0.66236
0.66587
0.66656 11
0.6685
0.67625
0.68502
0.689533 11
0.69570221
0.69871
0.7-0.3
0.702173 4
0.70533
0.71764705882353
0.71833031
0.72256
0.72892
0.73196
0.73954
0.766 0.36745
0.77126 0
0.774913
0.77765
0.78033 5
0.78039215686275
0.79189
0.79332
0.793917
0.79673 2
0.798117
0.8 0.8
0.8-0.8
0.80663
0.8-1.2
0.8-1.9
0.82623
0.833862 7
0.83427
0.83773 0
0.84705882352941
0.86974
0.871319
0.8981
0.93621
0.94804 3
0.95006 3
0.960651 6
0.967352
0.98823529411765
0.99229 13
00.000
00.01.17.000000
00.01.50.000000
00.01.55.000000
00.09.37.000000
00.116
00.12.42.000000
00.12.48.000000
00.263
00.267
00.377
00.381
00.386
00.390
00.395
00.398
00.403
00.407
00.411
00.414
0-0.8-0
0000
000000
0000001
000066
0001
000-11
0002
0003
0004
00-04
00043229
000432291208
0005
00-05
00052
0006
0007
0008
0009
00090000
00-1.15
001.27 5.477
0011
00-11
0012
0013
00130
00132
0014
0015
00156
0016
0017
0018
0019
002.321.023.465
0020
0020216
0020664
0021
0021102
00235
00236
00245
0025
0025262
0028114
0029
0030
0035
0036
00436
0046700
0049345
00519
0052
0052276
00531
0054
0055427
0057
00574
005811
0059955
00-6.993 3
0060082
0060082-300
00644
0065
0065-300
006633
0068677
0068681
0069280
0069407
0069551
0069668
0069915
0070331
0070577
0070651
0070731
0070738
0070889
0070895
0070899
0070951
0070961
0070964
0070969
0070979
0070995
0070996
0071
0071002
0071004
0071010
00714285
0071428571
007331
0076
008-1.252
00842877
00842877102
0-0848-4
0085
0088
0092
0096358
00997
01 2026
01 3.96
01.000
01.01.15.000000
0-1.067
0-1.1 1
0-1.1-1
01.12.18.000000
0-1.15.51
0-1.31
0-1.31.32
0-1.32.32
0-1.41
0-1.414 0
0-1.427 1
0-1.5 0
0-1.56.47
0-1.57.47
0-1.64
0-1.72.4
0-1.74.41
0-1.885.87
010 6
0-10.05-4
0-10.4
0-10.8-4
0-10.93-4
01-00
01-01
01012026
01035
0105
01-05
0107
01-07
0108
01-08
01-08-2025-00
01-08-2025-23
0109
01-09
0109.26
01-1.85-1
01-1.86-1
0110
01-10
01-11
01-12
01-14
01-150
01-17
01186178
012 2.987
0-12.07-5
01-2.917
01-20
01-21
01-22
01-23
01234567
0123456789
012-4.043
0125
01-25
01-27
01-28
01-3 0
01-300
01-34
01357263
01357263-93
01-36
01-38
014 3.332-1
01-40
01-43
01-44
01-45
0-15.68-7
0-15.86-7
0153
01-53
0154043
0156
01-57
01-58
01590650
016.093.036.306
016635
0-17.25-26
017-53
0-176-78.75
01768157
01785714
0178571429
0184
0187
0189591
0-19.75 5
0-19.75 8
0-19.75-9
01-964
01983408
019834082
019969
02.12.37.000000
0-2.34.23
0-2.35
0-2.37
0-2.37.23
0-2.43.013
02.472
0-2.506 1
0-2.597
02-01-2024-02
02-01-2025
020381
02-1.06
02-1.41
0213
02149420
021494205930
022 11.009
022 4.095 4
0-22.48
022781
023861
024133
024410
024946
0-26 19-45
0260
026202
02675
0272
02769817
02769817242
0-28.285
0-28.5 23
0281
02879
0288
029031
02938
0295355
0297
03 9-11.622
03.000
0-3.255.417
0-3.368
0-3.72-2
0-3.91-2
0-3.93
0-3.94-2
0307102
03090
03-09-2025
03-10-2017
03-10-2025
03-10-2025-18
03-1024
03-12
03125
03-13
03-15.68-15
03-16
032.014
03-20
03-23
03230045
032300459
03-300
03333333
0333333333
03352
03395467
03409532
034095328
03-42
03-44
03-4646-9
03-49
03-4981
0350
03524
0367
0-3726-4
03796
0380
0396
0-4.25 3
0-40 28-68
04-01-2026
0402
0-402
04-05
04-12
04154
04231372
0429714
0429737
0429764
0430002
0430057
0430081
0430101
0432414
0432466
0433732
0433807
0434015
0434052
0434088
0434124
0434182
0434933
0435372
0435491
0435958
0436132
0437250
0438127
0438586
0438666
0438686
0439260
0439317
0439390
0439415
0439415-300
0439419
0439429
0439431
0439432
0439433
0439434
0439436
0439437
0439438
0439439
0439440
0439441
0439443
0439444
0439447
0439448
0439450
0439451
0439453
0439457
0439457-290
0439466
0439469
0439471
0439472
0439473
0439474
0439475
0439476
0-44.48
0448
045 1.505
0-45.25
0-451
045325
04537
04604
04605
046-354
0-4668
04694
047 1.023
047-1.024
047-1.351
0-4728
04779
047-9
048 1.067.06
048 1.37.058
048-1.055.058
0-484
049 1.064
049-1.791
049344
0496962
0-5.06-4
0-5.25-2
0-5.523-4
05012026
05-05
0-50-50.75
0507
05-10-2017
05-11-2019
05112025
0-512
0-517
0522
05221
052682
05295
05296
053 (7) 555927
05-3.91-4
05330695
0-5-4.06
05-42
055050
055158
0557
056 0
0561
0567
05713
05723891
057238916
058 1.351
058 3.807
058.976
058227
058-3.807
058-3.96
05929897
0596
06 1.064.049
06 4.043
06.000
06.02
0-6.25-2
0-6.5 4
0-6.5-2
0-6.5-5
0-6.6 5
0600
0601
06012026
06-01-2026
06-01-2026-22
060239
0603
06-1.064
06-1.35.99
06-1.379
0-61.75-50
06102025
06-12-2025
061661
06-25
062-8.71-7
0-63.5-4
06-3.808
06-3.94-4
063138
0631-4
06379
064695
0653
06572576
06572576823033491001
0665407
06667
0667
0670
0678
0679
0-68 64.75
06853
0693
0696
07.000
07.01.13.000000
07.251321
07.91
07012026
07-01-2026
070280
0704
07046
070-9
07-100
07-101
07113
0712
07-13
071-41
07-150
07-151
07-152
0716
07176815
07-200
07-201-3
0721
07-210
07211
07-211
07-212
07-214
07-220
07-24
0727
0730
07-400
07-42
07-4429
074-4685-951
07-485
07-49
0749319
0749319-4
07-50
07528
0755
0775
07757
0781
08 1.04
08.01.42.000000
08.01.49.000000
08.12.38.000000
0-8.25 4
0-8.486
0-8.5 1
0800
08005
0801
08012026
08-01-2026
08-01-2026-10
0803
08-05
0806
08060909
08-06-2025-21
08-08
08082554
0808255484
08-09-2024
081 1.802
0811
0812
08-12-2025
08-150
08-17
08-200
08-201-3
08-201-30
0821
0-8211
08247
08-29
0831
08338758
083537
0836
0838
084767
08-49
08541
08542
0864-0424
08711777
08717
08763
0880
0889
089-4
0898
09.01.22.000000
09.01.45.000000
09.01.47.000000
09.01.55.000000
09.10.13.000000
0-9.93-4
0901
09012026
09-01-2026
09-01-2026-18
09-01-2026-22
09-01-2026-23
090126
0902
09-037
0906
0907
0-908
0909
09-09
09-100
091016
0913
0915
09-151
09-18
09-211
0922
09-22
0927
09271349
09290006
0930
09-30
0931
094 0 2.238
09410
09-410
0944834
0944834-1
095 0 01-1
09-54
095438.330
095635
095841
0-969
0972587
09-78
098 3.098 0
09803921
09825
0989
09916
1 0 0 0
1 0 1.08
1 0.3-0
1 012 768
1 040 897
1 1 0 0
1 1 0 00
1 1 0 01
1 1 0 011
1 1 0 1
1 1 1 1
1 1.04-1
1 1.414-1
1 1.415-1
1 1.75 2
1 12.452 4
1 15 17
1 15 18.257
1 15 4.5
1 280
1 3 10
1 3.05 4
1 4.504 4
1 7.6-2
1 808
1.0.18
1.007
1.012 1.012
1.02-0.39
1.03454
1.053
1.05327
1.05757
1.06 1.06
1.06-1.44
1.067.048-1
1.07 3.292
1.07.87
1.07.88
1.07053
1.070709
1.07-3.292
1.075992 7
1.08 0
1.08472
1.1.12
1.10.2
1.10.7
1.1011 5.60135
1.10988
1.11.1
1.11.2
1.11.3
1.12.0
1.12.1
1.12.2
1.12.29
1.12.9
1.12068
1.125
1.125 1.125
1.13.2
1.13.3
1.13.34
1.13.88
1.13-2.257
1.13755
1.14.0
1.14-5.061
1.14502
1.14635
1.15.748.353
1.15-1.15
1.1524945
1.153 4.902
1.153-1.772
1.161 17.52
1.16416
1.1677803
1.17.0
1.175 0
1.185178 4
1.19-4.92
1.19579 0
1.19845
1.20355
1.21-4.98
1.24.25
1.24.588 1
1.243 0-1
1.24-6.01
1.248724
1.25.25
1.25.687-2
1.252356
1.254 2.25
1.25-8.25
1.26-2.4
1.27166
1.27924 2
1.29.35
1.29-1
1.2924567
1.295.712 1
1.3.35
1.30031 9
1.30378
1.31-1.01
1.31-2.8
1.3125
1.31679
1.33.44.72
1.33.44.73
1.330876 6
1.332 9-6
1.333
1.3344946
1.33455
1.33798
1.338213 5
1.34-4.42
1.35.47
1.35-4.44
1.37.058-4
1.371282 0
1.38.81.71
1.38918 2
1.39-4.48
1.4.5 2021
1.4-0.3
1.40015
1.407.06 4
1.41219
1.415 11.313
1.42479
1.43128
1.438141 2
1.4-4.51
1.44-1.8
1.45-1.81
1.454-3.252
1.45513 5
1.47183
1.491405 13
1.491405 6
1.498 4.493
1.5 1.5
1.504.344 1
1.51584
1.52071
1.5-3.15
1.55731
1.56.25.47
1.56.419-7
1.562
1.56-2
1.58-2.01
1.61293574
1.619731 0
1.64-1.055
1.66.49
1.67.49
1.67443
1.7.10
1.7.22
1.71-1.72
1.73-1.74
1.736 1.039
1.75-1.5
1.76.86
1.77.86
1.772
1.772 1.153
1.772 4.902
1.791.218 2
1.79-4.26
1.803222
1.8-1.8
1.81-4.31
1.82302
1.833
1.85.88
1.86.4
1.86-2.62
1.862928
1.86405
1.86863
1.87.4
1.871.505 9
1.88.43
1.89.44
1.89.46.56
1.89309
1.9-0.8
1.91.177
1.93.4.81
1.95 2.1
1.95-2.1
1.956284
1.96-1.23
1.97592
1.98-1.23
1.998 1.998
10 11.168
10 14
10 17 15.25
10 400
10.000
10.01.04.000000
10.01.41.000000
10.0765 13.0074
10.11606
10.12.33
10.12.35
10.23 5.29
10.237-1.952
10.25 10.75
10.31875
10.36.18
10.4-10.4
10.4-4.67
10.5 2.25
10.5.8
10.552336
10.55323
10.58 4.918
10.59
10.638
10.75
10.75 6.75
10.75-24 24
10.75-7-17
10.75-8.25
10.7663 14.0113
10.79
10.82
10.8574 12.0991
10.88468
10.91
10.93
10.98.52
100.07 100.07
100.07-100.07
1000
10000
100000
10000022
1000002277
10001249
100012497268853
10002419
1000241978
10006185
1000618528
10009429
100094298631215
1001
10012026
10-01-2026
100145
1002
1003
10036
1004
1006
1007
1008
10-08
10-09-2025-20
101.32076
1010
10101
10103
101049-300
10106
1011
10111
10114441
101144416
1012
1013
101337
101353
1014
10-14.75 10
1015
10-150
101636
1018
1020
10-201
10203
1020-4989199900090
10205
1021
10-211
10216-2
1022
1023
1024
10240
1025
1027
10277140
102771409
1030
1031
1032
10331
10389494
10389494661764201629
104.2
1040
10400
10-400
1041
10-410
10416-1
10416-2
1042
10-43
1044
1045
10-468
1048
1050
10503
10-51-33-316200
1052
1058
10596438
105964384195597
106 4.106 0
106.024-1.793
10-6.25-16
106.5 464
10600
10601
10671
106712-290
10671-290
1068
10698
107 4.107 0
107.189.10.175
107.5 324.394
107.56497 31
1070
10716976
107169760-1
10735
107371
10739
10740
10742
10744
10746
10747
10749
1075
107515
1077
1078
10787
1079
1079479
1080
1081
10812
108-13.34-10
10817
10819
1082
10827
1083
1084
1085
108604
108642
1087
1088
109.28 256 9
1091
1092
1092024
1094
1096
1097
1-1 1 1
11 167 325
11 2 13 2
11 5 17.25
11 5.5 5
11 791
11.000
11.01.31.000000
11.01.36.000000
11.01.53.000000
1-1.04-1
11.042 11.042
1-1.06 1
11.10.04.000000
11.12-14.42
11.14
11.2 2.6
11.24
11.24.26
1-1.248-8
11.25
11.25 26 20
11.3 50 11
1-1.415 1
11.50535
11.512265
11.54 6.347
11.5541 13.0956
11.5541 13.096
11.616 11.616
11.623 5.176
11.63
11.65
1-1.65
1-1.66
11.66352
11.70846 2
11.75 12.25
11.75 20.5
11.75-6.25
11.77382
11.823292 3
1-1.8-4
11.87801
11.88004
11.944 0
11.94592
11.959 11.959
11.96
11.99 0 0
1100
11000
1101
11012026
11-01-2026
11-01-2026-09
11-01-2026-10
11-01-2026-11
1102
11024
11026
11-03
11030
11-03-2025-22
1104
11044
1105
1-105
1105099
11054
11057
11060
11063
1107
11-07-2025
111 248 248 248
111.75 112 192
1110
1-1-105
1111
1-1-1-1
11116
11118
11-12-2025-21
1113
1114
11-15.86-15
1-1-1-585
111603.258
11180
111827
1119.98
112 112
112 112 112-50
112 128-112
112 50.25 112
112 50.25-112
112.30727 44
112.5-0.5
1120
112018
1125
1-125
112-50.25-112
11251
11258
1126
112727
112728
112729
112730
112731
1128
1129
11-29
112953
112954
1130
11300
1-1-300
11323
113359
1134
1137
11374331
113743315
11386845
1138684521771605
11395
114 0 0
114.87372
1140
11400993
1140099384963452
11-41
1147
11490313
1149031357403588
1-150
11511189
1151118944938854
11-5-17.25
1155
1157
1-1-585
1160
11609528
11609528681768157622
1165
11683
1170
1172
11720943
1173
1174
1175
11763784
117637849572283
11767
1-1-768
11768157
11774-2484-4
118 0 001.804
1180
1-180
118-15.758-15
1182
11820
1183
1185
1187
11873
1189
119 8 8 119
11-9.17-9
1-19.5
1191
1192
1-192
1192024
1193197
119-47
1196
1198
1199
11999
12 0 0 0
1-2 0 1
12 0 12
12 000
12 12
12 12 0 0
12 13
12 13.17 7
12 15
12 15.75
12 18.75
12 19.5
12 2 12
12 24 12
12 3.545 12
12 4.5
12 6.838
12 7.5
12.01.45.000000
12.07
12.07-12.08
12.08
12.08-5.42
12.09415
12.12538
12.1742 10.5689
12.25 10-14
12.25 17-29
12.25 56 40
12.28 12.28
12.28 32.19
12.28-12.28
12.28-32.19
12.315 2
1-2.3-2
12.410555
1-2.4-3
12.46415
12.5 0-9
12.5 2.5
12.5 32.75
12.5 8.5
12.5-12.5
12.5-2.25
12.5-32.75
12.71474
12.75
12.78
12.8709 11.5655
12.93
12.976561 0
12.9921 9.61788
1200
1201
1-2018
1202
12025
12-03-2025-23
1204
120456
12-05
12061
1207
1208
120816
1209
1209600
1210
12-10
1211
12-11
12-11-2019
12112025
1212
12-12
1213
1216
121637
1217
12-18
12198788
121987880
122 2.136
12-20
12218
122-2.136
12223
1225
1226
122753
1230
12303
1230455
123105
12316
12336
12337
1238
1240
124-2.678-1
12-44
12469975
12493646
12493646-9
12-5 17.25
12-5.5 12
125-1.125
12515
1252
125910
126) 100
126.75
1260
1263
12635367
126-4
12-7.89
1-270
12743351
1274335190784364686
1279
12793947
1279394720901231
128 000
128 44 128 112
128.713 418.787
1280
128-000
1282
12841
1285
128-57.5 128
1289
1291
12-9190
1292
12920516
12920516-595
1297
1298
1299
1299243
12999
13 040
13 2.75-18
13 22 11 22
13.000
13.01.00.000000
13.03002
13.0335 0.26243
13.0956
13.19
13.21
13.27924 0
13.29
13.41
13.414 20.9
13.45579
13.48828
13.49376
13.5 13.5
13.5-13.5
13.524398 0
13.56
13.62
13.6819 10.6218
13.6823
13.6823 10.6218
13.75 13.75
13.75 14-32
13.75-13.75
13.75-14 32
13.78
13.92567
13.94
13.94-13.94
13.94-6.25
130) 100
130) 60
1300
1-300
1301
13010
1302
13-03-2025-21
130400
1305
1308
1-308
130804
1310
1311
1312
13121
131225
13125030
131250309-1
13153607
1315360780624999
13175
13199457
131994575
1320
13-201
1325
1326
132726
132750
1328
133.5 383.75
13-300
1331
1333
1339
1339.98
13418829
134188297
13447
13460634
13460634431768157622
1349
1350
13-50
1353
1359
136 136
136.88276
136-136
1363
13-65
1366
13698
137.353
137.882.3 1
13714
1373
1374
138070
138071
138073
138075
1382
138441
139.572
1390
1395
1397
13986
1399.98
13990606
14 0 7 7
14 16
14 18.5
14.0.0
14.000
14.01.41.000000
14.04
14.07.18.000000
14.1.4
14.10.10.000000
14.11.41.000000
14.1-14.1
14.12
14.14
14.143
14.143-5.857
14.1-6.33
14.2.4
14.22145
14.284 3 6
14.28571428
14.33
14.5 0-27
14.53
14.56075
14.571729
14.67.04
14.697859
14.705701 1
14.76
14.770742
1400
14-04-2024
14046
14-05
14-0500
1406
1408
14-09-2025-22
14-10-2020
14-12-2025
1413
1-417
14173
14180405
1418040566355212
14214689
142146896-1
14265
1427
1437
143760
143941
144 276
1440
1441
14411
14412-64
144211
14424
14424722
144247220-1
14425
14426
14448
14466
144870
14508
14513
1452
14527
14571
1458
14641834
1464183443
146-6
14690
14699
147055
14714
14738
14751
14774
14793
14795
14797
14801
14829
148309
14843
14849
14851
14852
14866
14877
14889
1489
149.25-46 192
149.73796
1490 1322
14918782
1491878224
14926
14927
1492708
14930
14933
14935
14935951
14935951851768157622
14937
14938
1493881
14940
14941
14942
14943
14946
14947
14948
14949
14952
14953
14954
14956
14957
14958
14960
14961
14962
14963
14964
14966
14967
14968
14969
1497
14970
14971
14972
14973
14974
14975
14976
14977
14978
14993
15 11
15 12
15 13
15 283
15.000
15.01.47.000000
15.01558
15.04345
15.1.0
15.10.23.000000
15.10.26.000000
15.10.48.000000
15.12.31.000000
15.175973 0
15.194 12 10
15.25 16.5
15.254346
15.30485
15.339
15.36
15.473764
15.494921
15.5 15.5
15.5 8.5
15.50052 0
15.54
15.54048
15.5685 21
15.63
15.68
15.68-15.68
15.75
15.75 384
15.80448 0
15.818 12
15.86
15.86-15.86
150.98712
1500
150-1
15014372
15014372071768157622
150-2
150-5
151.1 88
15-1.15
15-12-2025-20
151515
1517
1519-1898
15217376
1521737604893
1524945
1527
152984
153 4.902 4
1531
1534
1536
153795
15398103
153981031
15-4132-4
154-24.188
15437
1545
15455796
15455796261768157622
155027
15535
15549223
1554922338
15552000
1560
1561
1563-8340
1568
1572
15729
1575
15768000
15833
158462
1-585
15896
15-9.17-1
15912
1-5937-403
159509
1-6 0 3
16 4 4.25
16 7.999
16.000
16.01.03.000000
16.038
16.11.28.000000
16.15006
16.17
16.287761 1
16.2995
16.32
16.5 10.5
16.5 12.75
16.5 5.25
16.5 7.5
16.536022
16.59 8.59
16.6 3.2
16.64
16.64 19.5
16.66666666666667
16.75
16.75 0 6
16.8 18.5
16.89
16.94995
160.818
1600
1600 736
16000000
1601
16020938
1603187
16-05
1611
16-12-2025
161-3
1614
16142174
16188
1623
162316
1624
1625
16266
16271
1629
162921
162923
162929
1631
16347
1636
16372303
1637230347343
1637230347344
16372358
1637235859664
16378319
1637831978554
1637831978559
1637831978560
1637831978563
16383570
1638357010661
1638357010662
1638357010665
1638357010666
1638357010667
16384374
1638437425301
1638437425312
164-150
16449454
1644945418156
1644945418157
1644945418160
1649
165 383.75
16510
16516845
1651684502
1653
16535701
1653570193021
1653570193022
1653570193023
1655
16604762
166187
16624283
166242832
1664
1664 1344
16645
16669
167-3
16743
16763131
1676313171-01
1677803
16792934
1679293447-6927
168.9
1680
1-680
1681-9934
1681-9969
168209
1685
16873
169.4-169.4
169.81141
1694459
16971
1698
1699
17 6.75
17 6.75 7
17.0.2
17.03.2022
17.19888
17.25
17.26432
17.48.24
17.5 5.5
17.5-53.25
17.62944
17.657 16.657
17.75 21.25
17.92
17.93
1700000
17-01-2024
1703
17-04-2021-05
17-05
1706491
171.325
1-710
1-711
17114524
17-12-2025
1712-25
172.4
1723
1725
1728176
173 51.25 219
17319551
1731955113
17336596
1733659672594
17338468
1733846874536
17338469
1733846984877
17338472
1733847244318
17338950
1733895092942
17338955
1733895527464
17339341
1733934173448
17339355
1733935578476
173-51.25-219
17359608
1735960862
1741
17-45
1749
175 2.31 2
1-750
17502
17505
17554831
1755483120
17563104
1756310459
17566994
1756699483
1757
175-75
1758161
1758161-6
176 176
176 176 78.75
176 189.28 75
176 322.72
17-6.5
176-176
17643287
17652089
1765208964
17671230
1767123013268
17675904
1767590420
17676343
1767634396669
17677574
1767757488867
17678210
1767821029
1767821031
17679049
17679201
1767920163248
17679334
1767933446887
17679866
1767986659560
1768
1-768
17680162
1768016214530
17681292
1768129236844
17681311
1768131108208
17681320
1768132023781
17681559
1768155960
1768155963
17681560
1768156042782
1768156042880
17681571
17681576
17681576241407222730
17681578
1768157832
1770
17754041
178 0
178966
17912
1791758
17983
17985
18 0 9 9
18 1.898
18 28 0 13
18.000
18.01.37.000000
18.01.49.000000
18.10.07.000000
18.10.43.000000
18.10585
18.13
18.2.0
18.244 2.25
18.25 0 6
18.343 21.128
18.363315
18.381637
18.67675
18.68
18.68352
18.6854
18.6861 19.8835
18.75 10.5
18.75 44.25
18.94
180.75 383.75
18000
1802
18029
1804
180421
180425
180464
1805
18-05
1807
181) 100
181.25 139.75
1810
1-810
1-811
18113
1812
18-12-2025
18-15.25-18
1818-1824
182.55413 54
182.8
182-488
1825
18282
1829
183.39271
1-830
18337154
183371545909735
183518
1836
1837
1838
1839
184 144
184 3.247-2
1840
1841
1843
1844
184401-300
1-847
1848
1850
1851
18511221
185237-00
1853
18538
186 7.23
186) 40
1861
1868
1871
1877
187723
1878
18794
188.25 127.75
1883128
1888
1890
19 0 37.5
19 0-37.5
19 12
19 45
19.000
19.01.26.000000
19.01.43.000000
19.01.53.000000
19.1.0
19.12.43.000000
19.199 13.535
19.25 0 37
19.25 0-37
19.25 36.75
19.307 24
19.43
19.5 14.25
19.5 4.6
19.505 3.545
19.593
19.595
19.600
19.601
19.605
19.606
19.612
19.616
19.617
19.621
19.622
19.631
19.632
19.637
19.642
19.643
19.648
19.654
19.660
19.661
19.665
19.666
19.670
19.671
19.744424
19.75 9.75
19.812 5.418
19.85
190178
1902
190385
19-05
19080
19-12-2025
19-1418
1915-4092-8796
19178
1919
192 0 0 0
192 192
192 360
192 86 192 192
192 86.25 192
192) 50
1920
19-20
192-192
192209
1925
1926-2016
1926-2016-2
192-86-192-192
19300
1935
1936
1939
1939-2024
1940
19424
1943
19443
19-45
1946
1949-2021
195 2.238.195
195) 100
1951 3
1952
1952-1958
1952-2024
1953
19531
1954
1954-2024
1955
19553
1956
1959
1959-04-12
195962
195963
195964
196.5 383.75
1960
1961
1962
1963
196309
196310
19638
1964
19642
1965
1966
1967
1969
1970
1970 00
197-1.539-1
1974
1975
1977
1977-1978
1978
1979
19791
1980
1980-1985
1981
19810
1981-1985
1982
19822
1984
19-84
1985
19851165
1986
1987
1988
1989
198965
1990
1990-1996
1990-2008
1991
1992
1993
1994
1995
1996
1997
1998
1999
19991224
2 1 1 0
2 129 561
2 15.255 2
2 2 0 00
2 2 0 002
2 2 0 01
2 2 0 012
2 2 0 100
2 2 0 110
2 20.4 2
2 419
2 4-2.1
2 6.477 2
2.0.7.08086
2.007245
2.019369
2.02568
2.03399
2.036 12.322
2.04-4.75
2.044928
2.04856
2.06-4.8
2.08338758
2.08427
2.11.20241016
2.11005
2.11667
2.1-2.8
2.137195 0
2.1845
2.192 2.192
2.20286
2.21699
2.24528
2.24895
2.25 2.25
2.25 8.507
2.25 9.574
2.25-0.25
2.25-11.75
2.251396 6
2.257 1.13
2.261527 5
2.27 8.224
2.27258
2.28-1.65
2.28135 0
2.29812
2.3.04
2.30.1
2.31 2.31
2.3-1.66
2.32212
2.33-6.94
2.336194 7
2.33962
2.34404
2.35.37.65
2.35-6.98
2.371387
2.375
2.3756
2.38-1.38
2.38805 0
2.4-1.39
2.41472 11
2.42-2.62
2.427
2.427005
2.429491 0
2.43 0 2
2.43844
2.456 0-2
2.5 2.5
2.504 2.504
2.505 2.505
2.507 2.507
2.5-2.59
2.5-28.25
2.5-3.63
2.53-2.6
2.53-3.65
2.536-2.464
2.543853 0
2.54575
2.551164 0
2.56428
2.57009 4
2.57454
2.58379
2.590191
2.597 0 2
2.600501
2.60139
2.605.996 4
2.606
2.625
2.62861
2.643 0-2
2.65-1.8
2.65-4
2.65-6.4
2.657-5.657
2.67-1.81
2.68-1
2.68-4.04
2.68-6.47
2.686384 0
2.70466 2
2.71-1.01
2.728304
2.73-1.11
2.733839
2.74-2.22
2.75-98.25
2.76-1.13
2.77.3
2.773
2.784.058 3
2.784.06-3
2.8 2.034
2.8-2.034
2.83696 5
2.847
2.851284
2.86-1.12
2.885766 0
2.89-1.13
2.91-5.48
2.91667
2.91-7.01
2.92-9.14
2.94313 1
2.94-5.54
2.94-7.09
2.97.75
2.98 8.72
2.99304
2.999 7.58
20 51 22 0
20.000
20.01.03.000000
20.01.17.000000
20.01.37.000000
20.01.41.000000
20.02
20.05
20.08
20.12
20.12.02.000000
20.13
20.2391 3
20.25
20.25 0-6
20.26
20.475
20.475-7.811
20.577 16.49
20.75 31.75
20.75 50.75
20.75-31.75
20.75-50.75
20.8131
20.82088
20.93.41
200 1000
200.7 275.5
2000
200000
20000022
2001
200-1
2-0013-4
2002
2003
20034
2004
200-4
2005
20-05
20057
2006
20082025
20083
2009
2009-01-02
201.41.33
2010
20100
201000
201016
201017
201024
20107
201-1
201100
20111
201140
20115
20117
20119
2012
201-2025
20121
20125
20127
201280
201285
2013
2013-04-25
20132
20133
20136
20139
2014-12-10
2014-12-13
20142
20143
201432
20144
201458
20148
2015
20150
201500
20150309
20150416
20151
20151215
2015-46-10
20155
20156
201560
201561
20157
20158
20159
2016
20160
2016-04-19
20161
20162
20164
20165
20166
20167
20168
20169
2017
20170
20171
201710
20172
2017-2018
20173
20174
20175
20176
20177
20179
2018
20180
2018-02-25
20183
20184
20188
20189
2019
2019-01
2019-02
2019-03-01
2019-10-09
20192
20193
20194
20197
202.14167
2020
20200
2020-02
2020-03
2020-05
2020-05-12
2020-06-06
2020-07-07
20200729
20200916
20201014
2020-11
2020-12
202020
2020-2021
2020-2022
202022
202024
202025
202025-02-11
202025-04-03
202026-01-03
202026-01-04
202051
2021
2021-01
2021-01-28
2021-02
2021-03
2021-04
2021-05-06
2021-06
2021-06-15
2021-06-26
2021-08
2021-09
2021-09-01
20211
2021-10
2021-10-22
2021-11
2021-11-12
2021-12
2021-12-23
202116
20212
2021-2026
20214
2022
20220
2022-01
2022-02
2022-02-18
2022-03
2022-04
2022-05
20220521
2022-06
2022-07
2022-08
2022-09
2022-09-28
2022-10
2022-10-17
2022-11
2022-11-29
2022-2023
20225
20226
2023
2023 4
2023-01
2023-02-06
2023-03
2023-06
2023-07
2023-07-12
2023-07-17
2023-07-21
2023-08
2023-09-01
2023-09-28
2023-10
2023-10-27
2023-11
2023-11-15
2023-12
2023-12-14
20231218
2023-12-21
20232
2023-2024
20233
20234
20235
2024
2024 1
2024-01
2024-01-01
2024-01-02
2024-02
2024-03
2024-04
2024-05
2024-06
2024-06-03
2024-06-13
2024-06-14
2024-06-20
2024-07-04
2024-08
2024-08-11
2024-08-15
20241016
2024-10-29
2024-11-04
2024-11-13
2024-11-29
2024-12-02
2024-12-03
2024-12-06
2024-12-07
2024-12-08
2024-12-09
2024-12-10
2024-12-20
2024-12-25
2024-2029
2025
2025.01
2025.10
2025.11
2025.12
20250
2025-01
2025-01-08
2025-01-09
2025-01-20
2025-02
2025-02-04
2025-02-27
2025-02-28
2025-03
2025-03-12
20250317
2025-03-25
20250327
2025-04-03
2025-04-04
2025-04-10
2025-04-15
2025-04-16
2025-04-21
2025-04-22
2025-04-23
2025-05
2025-05-19
2025-05-21
2025-05-24
20250527
2025-06
2025-06-05
2025-06-07
2025-06-11
2025-06-25
2025-07
2025-07-11
2025-07-24
20250725
2025-08
2025-08-07
2025-09
20250903
2025-09-15
2025-09-24
2025-09-26
2025-1
2025-10
2025-10-02
2025-10-03
2025-10-05
2025-10-06
20251008
2025-10-09
2025-10-17
2025-10-24
2025-10-26
2025-10-30
2025-10-31
202511
2025-11
2025-11-01
20251107
2025-11-07
2025-11-08
2025-11-10
2025-11-19
2025-11-21
2025-11-25
2025-11-27
2025-11-28
2025-11-29
2025-11-30
202512
2025-12
2025-12-01
2025-12-02
2025-12-03
2025-12-04
2025-12-05
2025-12-06
2025-12-07
2025-12-08
2025-12-09
2025-12-10
2025-12-11
2025-12-12
2025-12-13
2025-12-14
2025-12-15
2025-12-16
2025-12-17
20251218
2025-12-18
2025-12-19
2025-12-20
2025-12-21
2025-12-22
2025-12-23
2025-12-24
2025-12-25
2025-12-26
2025-12-27
2025-12-28
2025-12-29
20251230
2025-12-30
2025-12-31
2025-2
2025-2026
2025-300
202560
2026
2026 03
2026 04
2026 12
2026.01
2026.01.08
2026.01.10
20260
202601
2026-01
2026-01-01
2026-01-02
2026-01-03
2026-01-04
20260105
2026-01-05
20260106
2026-01-06
20260107
2026-01-07
20260108
2026-01-08
20260109
2026-01-09
20260110
2026-01-10
20260111
2026-01-11
2026-01-12
2026-08012026
2026-1
2026-10012026
2026-11012026
2026-186
2026-300
2027
2027.01.21
202-790841
20284
20-29
20290
20-290
20-3.25 20
2030
20300
20320
20328
20335
20338
20342
2035
20358717
203587178
20360
2037
2040
20430
20450
20-462
20466
204753
20479440
2047944025985388
2048
205.06.16
205.31.28
2050
2051
20512
20515
20516
20525
20531
20532
20533
20540
2055
20552
20555
20556
20559
20563
205737
20581
20602
20618
2064
20642
206-4513
2065
2066
20668
20680
206985
207 1.858
207.07.431 0
20707
2071
20-71.5 51
207-1.505
207-1.857.344
207-2
20720
207302
2074
2075
207-5
2076
20768
20780
2079
20798
208) 100
20800
2080976
208157
2082
20828
20838
2085
2086086
2086376
2086531
209) 20
2090
20900
20901231
2093
20944
2096
20960
20976
20977
2098
21 12
21 21
21 31.75 21
21 356.07
21.000
21.01.01.000000
21.01.04.000000
21.01.53.000000
21.12.45.000000
21.25
21.393617 10
21.4 0-38
21.49.41
21.59
21.610684
21.84
21.998 8.746
210 7100
2100
2102
2-1024
2103
2104
2105
210553-1
2106
2107
210746
210747
210749
2108
2109
2110
21-11-2023
21122025
2116
21185
2-12 5-17
212) 50
21-2.571
2120
2121
212121
21260789
212607899333735
2127
21-31.75-21
2133
21373649
21373649-74
2145
214961
215.90001
2-150
2151
2152
2152183
2-155
2159
215922
2159950
216.325
2160
2163
21675
21695
2172
217-2.779-1
2173
2175
21757
21771605
2178537
218 1.791
2180-1
218-1.791.465
218-2.427
218746
21884
21901
22 12
22 12 22 12
22 16.991 22
22 22
22.01.03.000000
22.01.47.000000
22.06
22.09.25.000000
22.09.39.000000
22.11.23.000000
22.24 22.24
22.24-22.24
2-2.3.4
22.4 0 0
22.4 0 50
22.4 50 50
22.52.05
22.53705 0
22.54228
22.75
22.782795
22.871868 0
22.91
22.96543
22.97
22008685
22-01
22-07-2025-00
22080968
220809681
22093
221.857
22179
2218-4742
2220
2222
22-22
222222
22228
22280
22280-150
223.107 0
2230
2232
2233
2234
22341
223797
224 144
224 338.8
224 416
224) 100
224233
224234
22441404
2244140441768157622
22448
2245
2250
2260
2-2604-4641-8030
22605
22633
22645759
22647966
22647968
22698
227.717
2275
2280143
2280143-7
22-8506-7
22873397
22873397610
228833
228834
2289
22899
2-290
229105
22972
23.000
23.007
23.01.10.000000
23.01.36.000000
23.01.48.000000
23.01.52.000000
23.07.05
23.12.34.000000
23.12.59.000000
23.1230455
23.2 0 41
23.2-18.8
23.25 0 56
23.37
23.498 6.186
23.5-7.25
23.59146
23.7 19.7
23.75-36.75
23022
23-03-2025-21
2306
23-07-2025-23
231-06
231119
2315
2-3154-44
2316696
2318
232.2 416 224
23258911
232589117
2326
23295
233.7 318.6
233285
23341
23367
23381719
23389
23-49
23494
234958
235.75 383.75
236 144
23671
2370
2371
2372
23744
23786
238.106
2381
23838
23852
23899
2394347
23956970
239569706
239572
23990
23993
24 12.75 0
24 15.93 24
24 24-12.75
24.15
24.17
24.17.05
24.26493 0
24.31
2-4.5-15
24.59
24.69
24.69.05
2-4.7-2
24.75 0.25
24.83
240) 100
240.4 412.9
2400
24-05
24067
2-4075
24-1.58
24-1.59
2411
241-1.865
24115
2-412
24140722
2-4148
24-1602093878
2417
242.72 256
2423
2427
243.75
2431
24318
24319
243451
24377
2440
24-40
24-40-10
2447
2451
245-1.349
24594943
245949432472869
24-6.5 14
246056
24634662
24634662-1
2465
247 1.363
247.636.416 1
2472
2472869
24731324
24731324484
2476
248 1.795.001
248 3.252-3
2480
24801942
248019427
248-111 248-248
24823007
248230078
248-4
2-4882-870
2-4883-81
249-6
24984
25 0 13-2
25 0.25 4
25 1 4.75
25 112-112
25 126.75-219
25 14.25-0
25 14.5 0
25 15 15 9
25 16 0 8
25 17.25 3
25 18 15.25
25 192-192 192
25 2 3.5
25 2.25
25 2.5 12
25 22.5
25 22-52 22
25 3.5-47
25 32-32 32
25 4.75 0
25 42.75 66
25 5-8.25
25 727
25 8.25 6
25 9.5 0
25.000
25.1 4.6
25.166625 0
25.75-41.25
25.75-67
2500
25016
25020
25-03-2025-00
25-04
25-05
250918-87
251 3.248-1
25-10.75 24
25-10-2017
25-112-112-112
251211
25-12-11.25
25-126.75 219
2514
25147
2515830
25162
252) 100
25-2.25 2
2520
252-09 0028114
25-22 52-22
25229
25237
2524
25-24 0-4
25-25.25-147
2527
25282
253.107 324.394
253.107 418.787
25-3.285
25303
2532
2533
2535
2539
25-39.25 15
2539803
25-4.25 15
2540
25452
2548
25490196
2550
25-50.75
25504
25-5-3.5
25544
2555
25-56.25-39
25565
25578
2558
25594
25599
256 144
256 200
256 8
256.002
2560
25602
2561
25627
25634
25636
25637
25639
25648
25649
25650
25651
25652
25658
25659
256-6
25660
25661
25662
25663
25664
25-7.75-27
2570207
2571
25-76.75-46
25-8 0.5
2580
2581
2582
2583
2584
2585
2-585
2586
2587
25877
2588
25884
2589
258962
2590
2591
2592
2592000
2593
2597
25985388
26 0 45 19
26 0-45-19
26.75-24.75
26.8 48
26.8 8.1
26.8 91.9
2601
26-03-2025-00
26-03-2025-22
26-04
26-05
26058
2608-6
2612
2616
26172797
2617279778
26176815
26225
2626
26-267
26-3.72-4
2630
2631
2631621
2632
263378
2634
2635
2636
263646
2642
26449519
2645
26455
2646
2648
2649
2652
2657
266562
2666
2674
2677
2681
2688
2696
27.000
27.79
27.9144
2700
2700449
2707
271.1
2710
27105
27-11-2025-14
27-12-2025
27124585
271453-2
27192
272.9 180.9
2721
27259
2732
2737
2738
27392
27397
2740
27410-70
274360
27445
274461
2748
275 383.75
275.98725
2751
2753
2756
275822
2767699
2771
2772141
2776
278187
278271
27843137
27851
27-886
2789173
27-896
2791555
27944
28 0-13.25
28 18 5.25
28 28 28 68
28 28-68 28
28 68
28.000
28.19
28.285
28.404596 4
28.6 88.7
28.67
28.74
2802
28026718
280267184
280368
28-05
28077992
2808
2810
2810132
2811
2812
2813
2814
2815
28-15.66-20
2816
2817
2818
2819
28-2.6-1
2820
28200
282216
28-28 68-28
28-28-28-68
2830
28349
284.286
284.287
28-4264-8
284669
285342
28571428
2861
286451
28-68
28684
286984
2871
2874
2877838
287-827
2879247
288 208
288-2
2883
288-5
2888
28915
28926100
28926100126
28938865
28984
29.25 20.25
29.94759
2903449
29043
29046
29-05
29-07-2025-21
29-09-2017
29-09-2025-20
29122025
291-7
2918
291893-2
2918972
2918972-3
2921
2924
2924567
2935
2936
294 294 294 294
294 294 294-294
294207
294-294-294 294
294-294-294-294
29468
295 2.573 0
2956
295814
29595
29606
2961
2966
297.09024
29719-2
297306
2984
2988
2991
2992
29-97656
299838
29992
3 0 0 1
3 143
3 3 0 0
3 3 0 1
3 3 0 11
3 3 0 110
3 3.5-2
3 300
3 4.254 3
3 5.25 5
3 659
3 7 3-7
3 707
3 714
3 719
3 735
3 754
3 768
3 775
3 781
3 798
3 824
3 854
3 902
3 917
3 973
3.0.12
3.015 3.015
3.016 3.016
3.017 3.017
3.03501
3.046 3.5
3.04-8.53
3.06-8.58
3.08199 1
3.097 3.097
3.10.35
3.11.1
3.11.7
3.14.2
3.14.3
3.14489 0
3.16-7.63
3.196 0-6
3.2 7.3
3.2.15
3.2002
3.2002 21
3.20245
3.23153
3.248 0-1
3.25 11.75
3.25 3.5
3.25 7.75
3.251 1.454
3.251 3.248
3.25-11.75
3.25-3.5
3.2-7.72
3.286
3.303202
3.30375 0
3.308
3.30895
3.31.2
3.313502 0
3.327203 7
3.328 3.329
3.329-3.328
3.34.0
3.34.1
3.345
3.3-7.2
3.37369
3.375
3.375 3.375
3.41696
3.423 7.51
3.42418
3.43316
3.43827 9
3.43978
3.44.69
3.461
3.462
3.48882
3.49.69
3.5 0 0
3.5 2.75
3.504 3.75
3.51473
3.545
3.55867 0
3.56103
3.568 2.23
3.578588 6
3.58646
3.642977 0
3.65493 14
3.69-2.25
3.69-4.5
3.696156
3.70417
3.70538
3.71-3.938
3.73535
3.73658
3.75 0
3.75 0-6
3.75 12
3.75 6.75
3.75 8 8
3.75-8 8
3.75-8-8
3.760886 2
3.79112
3.82739 0
3.8-3.2
3.866863
3.86688
3.874458 0
3.882
3.89768
3.9 2.4
3.90481
3.905
3.91-4.42
3.9-2.4
3.921
3.92512
3.94-4.44
3.95-4.48
3.96182
3.97057
3.97-4.51
30.000
30.044627
3-0.1-0
30.25-9.5
30.33
300 400
3000
30-0017-4
300-1
3002
30-07-2025-22
3010
3011
3017
30181778
30211
30251
30257
30257-2
30261
30268
30273
3028
30283
30289
30297
3037
30464
3047
305.6 224.2
305651
3057
3059
306.5 383.75
3060
3066
30672000
3072
3086
3091
30913912
309139121
31 0 0 1
31.08855
31.4.7 1
3-1.4-0
31.5 383.75
31.75 20.75
31.75 61.25
31.75 80-31
31.75-20.75
3-1.857
3100
31027
3105
31-05
31069
3108
3110
3110980
3113
31150
311651
31212336
3121233693
31215
312402
313131
3134568
31391
313915
31397317
3139731703395467955
314 0
3140
31405445
314054459690
31423
31449600
3-150
31536000
31-62
3163
31-669
3169
3170
317814
3180
31855
32.000
32.1636
3-2.18
32.19-12.28
32.2 12.28
32.25-83.25
32.5 32.25
32.62
32.73
32.75 0-63
32.75 17 45
32.75 46.25
32.75-12.5
32.75-7
32.856612
3200
32004
320-237
320-284
320-4509
3205
32-05
32076
3210
3212
3213
3214
32143
32175
32190
32193
32198
322004
32203
3222
32236
32237
32259
32260
32262
32263
32265
32269
32270
32273
32274
32275
32276
32277
32278
32279
32280
32288922
322889227301618
3233
3236
32373
32451
3255
3258
3262
3270
32700
32704081
3270408161768157622
3274
3277234
32840
3-28606
3290
3293
3295
33.11
33.333
33.333333333333
33.48
33.88
3300
3-300
33025072
3303
33-05
3306
330968
3310
3311
33128676
332148
3322
332519
332680
333.8
3330
3333
333333
33333333
3335
33394367
33394367077514
33408
3344946
3348
3350
335063
3353
3360
33607
3368720
3368720-3220-4
3369
3370
33705
3371
3372
3373
3374
3375
3376
3377
33772677
3378
3379
338 383.75
3380
3381
3382
3383
3384
33849256
338492563792
3385
3386
3387
33871
3388
3389
3390
3391
3392
3393
3394
3395
3396
3397
3398
3399
33992
34.000
34.143
34.144
34.25
34.25 34.5
34.25-34.5
34.25-76 76
34.61
34.75
3400
3401
3402
34053
34082257
340822573
3410
34144
3-4149-8812-2
34173
3422023
3-4321
3435
3439
344 1.857
344.466
3440
34-4000-9
34404
344-1.023
344-1.858
3-442
3-443
3444
345.606
3455
3456
3464
3466
346814
347.5 345.606
3470
34700
34703
347611
3-480
34803641
3480364149
3480387
348-1
3484428
34897
35.08
35.108318 0
35.25 74.5
35.25-33.25
3-5.25-5
35.25-74.5
35.35
35.35.683.566
35.566
35.99
3500
35037
3504
35053
351.75
3510
35129-8434-42
3519-40
352002
3524-6
35294117
3529853
353.3
3530
3539
3545
35451
3547
35-4900
35500
355761
3558
35584851
3565
3570
3571
3574
35777
35-810
35850982
3585098231
3588
3598
36 8.627
36 89 55 133
36.08
36.125
36.25-93.5
36.5 15.25
36.75 36.5
36.75-24
36.75-36.5
3600
360-1
360-247
3603
3604
36-05
36053
361.5 383.75
36109
36148
3615
361535
3616
3617
3618
3619
362 870
36217
36238
3627
3628
362870
3628800
363.465 2.427
3630
363-1
363-1-300
363140
36343
3636
36391344
364 1.118
364 304
364.4 421.8
36405
364-1.118
36-44
3648
36-5.25-5
3650
365279
3653
36587
36668
36670
36673
3-667314
36679337
366793375
3670
36717
36718
36721584
3672158423
36770
3-6781-4
36785
36793
36796
368.713 476.213
36804
36806
36-89
36892
36893
36897
36899
36900
36902
36904
36905
36908
36909
3699
3-7.036
37.5-21.25
37.66
37.67
37.77
3701
3702
3703
37-05
37059
3-710
3-711
371849
371850
371851
371852
371853
371854
3727
372905
3730
3-730
373001
37324345
373243456
3737
3737 0
3737 100
3737053
3740
374-1.297
37-46
3747
3749
375-1
375-1-300
375-3.375
375375
375-6
3759
376.505 9.376
3766
37661
377.505
3770
37758
3778
3780
378-5940
3786
3787
37873
37885683
3-78907
3789-150
3790
379402
38.054
38.143992
38.22
38.43.22.6
38.5 22-52
38.5-22 52
38.68
3805
38-05
38081
381 900
38-1.81.588
3-810
3813
38155
3-8255-60242
38-3.125-22
38334
384 224
3840
38454
38458-119
3846
38466
3846697
38494665
3850
3-850
38506
38520142
385201420
38557
386 4.025-1
386195
3870
388.00
38812705
3882-4
3884
38883
389.2 48
38940030
3894003075
39.29
39.87
39.88
3900
3913368
3916
3-9182-637140
393 8 256 8
39329184
3932918416142174741
3933
39356
39396
3941
3947
39498747
39498747-54
39544359
3954435960613592864
39548
3959
3966
396939
3970
3973
39754
3979
39-79577
398 1.15
3-9859-567
3990
39933
4 0 7.3
4 003
4 12-12 12
4 188
4 19.5
4 3.5.7
4 4 0 0
4 4 0 00
4 4 0 004
4 5.25 11
4.041.058
4.072 4.072
4.076
4.10.1
4.105 4.105
4.108 0 003
4.125
4.13411
4.144519
4.158-3.96
4.20733 10
4.23.0
4.24326 1
4.244-4.243
4.25 0 8
4.25 0-8
4.25 4.5
4.25-0.25
4.25-4.5
4.25-6.25
4.2879247
4.29743 3
4.48-3.96
4.493 1.498
4.49791
4.5 4.5
4.5 5.653
4.5-0.5
4.51-3.99
4.5-4.5
4.54541
4.6.16
4.638 0 8
4.638 0-8
4.668
4.66851
4.67-10.4
4.7.78
4.7.9.1
4.7-1.9
4.713 6.231
4.71322
4.73117
4.75 4.5
4.75 5.5
4.75404
4.75546 1
4.77326
4.8.3.2
4.811
4.814
4.817
4.82232
4.827832
4.839
4.8394 4.44312
4.846
4.86146 6
4.875
4.884106 10
4.89-4.89
4.902 0 01
4.902 4.902
4.9533
4.962 7.224
4.96-4.96
4.99 21.75
40 0 68 28
40 0-68-28
40 45.75-42
40.28
40.503591 56
40.88016
4000
40-05
4006
4010
40107
401-19991224
4-01578
40159
4016
402 855
4020
40225996
4022599638812705438
402444
402485
4035
403552
40392156
404176
4045
4046
40493696
40493696191
40495
4052
4054
405-84278
4060
40605
40642
407.06-4.123
40724260
4072426052
408.75 383.75
4080
4081
4087
40891
409.43802
4092
4094
41 8.59 6
41.47
41.518918 0
41.69
41.75 0-76
41.81
41.9-41.9
4100
410-4
41-0500
41094711
410947119
4112
411330
4115
4-12 12-12
412 304
41200
41250-63
4126
412647
4127
412701
4130-96
4133
413621
413723
4138
414192
4146
414695
4147
41479549
41496
4-150
41524311
41524311338
4154
416 2.427
416 240
416 416
416-1.363
416-2.427.465
41663951
4167
4167352
41677360
4167736071
4169-9
4171
417-1.21.258
4173
417-373
41768157
417752
4177729
418 4.814
41839
4186289
41868687
4188-8
4194
4195597
41960784
4-2.25 6
42.5 112.5
42.72
4-2.8-2
4200
42-04
4204801
42-0500
42-106
42-12.07-12
42-15
42-2.18
42-2.2
42212554
422125547217996
4226-98
4229
42309
423-86
4239
424.5 383.75
42-4063
42444
4252
4255
4259
4264
4265
427.465
4273
4291-8
4294
4296
42-9721-119596
42982
43 12.5 0
43.19
43.74
43.75
430 725
430020
4307-9618-55
4310
4311
4312
4315
43176815
4323
4335
434182
43-42
43429789
4342978940
43445
43457
43472
434749
434933
4349-97
4354-8
43602
4364
4365
437.893
4370
437250
438 9.878
4384-4152-8
4391
4391-99
439260
439317
439390
439419
439429
439431
439432
439433
439434
439436
439437
439438
439439
439440
439441
439443
439447
439450
439451
439453
439466
439469
439471
439473
439474
439475
439476
43961189
44.000
44.297285
4-4.3-4
44.48 0
44.5 0 1
44.58
44.73
44.74
44.845
4405
4406
4408
44080
4-4108-850
4-411
441200
442-5
4-4258
442670
442735
44297
443 2.89
443003
44336
44354
4440
44405
4-441
4444
444444
444568
4452
4459
446-1
446610
446653
446667
446711
446743
446761
446790
446857
446882
446887
446904
446909
446920
4-4693
446934
446959
446969
446984
446991
446997
447001
447006
447015
447032
447042
447049
44705882
447060
447072
447076
4-476
4479
448 240
448 384
44-8.765 4
4-4864
44870
44-871
44938854
4497
44-98
45 19
45) 50
45.00
45.000
45.0625
45.15
45.25 0
45034686
45-05
4510
4517
4518
45-19
452 4.391
4528025
45281312
453-1
4532
4535
4540
4544-91
45-4754-873
4557
456 3.248-3
4560
45650644
4-5685-4
4571
457-4.287 4
4578-90
4584968
45-9.93-9
4594
4595
45991
46 75.75-130
46) 100
46.000
46.0375
46.220551
46.42
46.65
46.85
460209
460333
46-05
4606
4-607
46-1.9
4611
461748
4626-4
4639
463932
464-2
46-4365
4647
464-8
465 2.427
46-5076-4
465-17
465-2.427
4655
46632
46634
467.182
4672
46-75.5 130
46767966
46-84
4689
47.000
47.37
47.74
47.865 47.865
47013
47054
47058823
47060276
4706027679
471.24407
47-1.88-1
4713
4717049
4717106
4717146
4717148
4717149
4717150
4717151
4717152
4717153
4717154
4717155
4717156
4717157
4717158
4717159
4717160
4717161
4717166
4717167
4717168
4717169
4717171
4717172
4717174
4717175
4717177
4717178
4717180
4717181
4717182
4721
4734999
4738876
47-4107-94
47-49
4750
475-2
47538
475447
47559401
475594017918975
476.213
4763
477.859
4770-9
477-10-10-10
4773
47752713
4779013
4781
478-4
4787
47910007
4794
47961
48.07
48.33
48.39
48.52
48.97
480.3603
4803
4809
48090
481482
481-69765
4817
4819371
48219
4827
48294491
48333643
4833364371768157622
48498612
4853
4863
48641
48664
48682
487 464
4874
48789
48797
48797138
48797138426924
48-8695-808
49.000
49.03
49.174798 181
49.39
49.5 1 74
49.75 101 49
490-3
4904
4906
49-1.06
4-910652
49130929
491309291768157622
49-2.25 59
4-921
492-3.89 3
49274
49305
493090
49345
4935
4-9362
4936830
49520
4953
4961-84
4967167
4968
4972
4974
4977
49779
4980
49803921
4983
49891999
499 1.201
4996
49983
5 0 0 0
5 0 0 1
5 0.25-13
5 1.25 5
5 1.5 0
5 12 12 12
5 12.75-1
5 14.25 0
5 15.8
5 17.25-2
5 18-7.75
5 2.5 12
5 24.8 5
5 31.25 8
5 4.5 0
5 48-25.75
5 5 5-5
5 5.5 0
5 500
5 6-8.25
5 7 17
5 7.125
5 7.5 51
5 8.25-10
5 8.75 14
5 9.5 1
5.02-1.14
5.076755
5.082376 2
5.09497
5.10245
5.117
5.119
5.13.2
5.13497
5.15.3
5.162 5.162
5.194 3
5.19664 2
5.214-6.817
5.2-2.91
5.22334 0
5.23 7.21
5.23379
5.25-9.25
5.26113 0
5.26-2.94
5.28754
5.29-11.26
5.29166 0
5.29518
5.31391 4
5.387578 0
5.4 12 12
5.4-12-12
5.41397
5.45.0
5.463027 0
5.48827 20
5.5 12-12
5.5 17
5.5 5.25
5.5 5.5
5.536609
5.5548
5.57-3.16
5.57954 3
5.625
5.63-3.19
5.653
5.66554
5.7.75
5.70822
5.70929 0
5.727248 0
5.744 5 11
5.75 5.75
5.8 1.4
5.814
5.857
5.858
5.859
5.95313
5.984784 2
5.989 5.989
50 50-22.4
50 8.1
50 88.7 88
50.000
50.07
50.75
50.75 20.75
50.75-20.75
5000
50000
5001
5002
50-04
50057
5010
5013
501506
502 1.21
502 226
502 6.186
502-5.814
5-0320
504 1.125 1
504 1.125-1
50-40
504-1.125 1
504-1.125-1
50420
504408
5049
5050
50-50
50513
50562
50592
506.143
506.506 0 0
5060
50600
5061
50618
50657
5067
506-8
50731
50738
50749
50752
50757
50762
50767
50770
50774
5078
50784
50789
50794
50798
50804
50813
50827
5087
5097
51 0-19 7
51.02-1.15
51.25 120
51.28
51.5 51.75
51.5-51.75
5100
5-1024
5103
5105
51-05
51078
5-11 15.25
511 773
51-1.15-1
5110
51-10.05-10
5111
5113
5117
5-12 2-15
512.001
5-12.5-7
5120
5121
5-12-12-12
5128
5129
51304
5-13-38-28
513-4
51376
51-4687
514779
515.34814
5-150
5153
5-16.14
5-16.25 11
5161
518179
5187
51895
5194
52 245
52 52
52.000
52.75 32.5
5200
5206
52073
5209
5-21 24-36
5210
5212
521205
5220
5221
52220033
522200332
52239908
5223990869
5229
52296290
522962904593
5230
52322
5233
523565
5236
5237
52373
5238
524 5.83-2
5240
5241
5242
52421
5243
5244
5247
5248
5249
5250
52-52
5253
5258
52599
5260
5263
5268
5270
5274
52781
5281
5285
52868688
528-88532
5289
529 6.998-3
5-29.25
52-907
5291
529110
529-2.33 2
5297
52988
53 105.75 0
53 78627466
53) 32-243017
53) 32-284630
53) 7204 3145
53) 7214 4971
53) 78392204
5-3.25-2
5-3.4-8
53.5-42-72
53.61-1.22
530 486
5300
5301
5303
53-05
5309
5-31.4-5
5310
5312
53199316
5327
5330
53329
5344
5347
5347047
5350
53517516
535175169
5357
53572
53-5796
53599789
5359978939
5360
5-3608
5361
536-2840
5363
5365
5366
5369
537) 208 5199
537) 833 9818
537) 836 4756
537) 838 2233
537) 838 3890
53-7-2080976
53-7-2086086
5380
5381
54 1.118
54 34.7 50
5-4139
5416
54-2.34
54-2.35
5421176
542-447
5425
54306714
54306714683734
54-42
544428
54-45
544540
5457
54719
5474
54799
5481
548362
54862256
548622567991
54901960
54906
5493
5497
55 383.75
55.000
55.25
5-5.75 10
55.852317
5500
5-500
5503
55-05
55054
5510
5512
551582
551609
5-52 52-52
552-79
5529-0459-49
55-3.15-1
553.48195
5532-4
55356
55357
553696
554725
5548
5-553
55534
55556
5560
55606
5570
5573
5577
5580
5-580
558-4
5588
5591496
5593
5595937
5597
56.25
56.25 0 61
56.25-68.25
56.67
56.68
5600
5603
56-0500
56071
5610
561-42
56169
56197
5620
562090
562091
5621-4
563698
56459
5650
56536
565375
5659
566.683
5660
56684
5670
56722
567504
5677
56797
56802
56807
56812
5683
56835
5686275
5689
5690
57.25 0-111
57.5-128-128
5-7.5-51
5700
57-05
57051948
570519489936
5706
5708
5709
5710
5711
5712
5713
571313 10
5715
5716
571663
5717
5718
571963
57201
5722
5723
57244
5725
573 3.007 9
57301
573-3.007-9
5736
57366
5738
57403588
57496-2
575.98
5750
575791
57638
57662
57-690
5770
57-71
578 609
5780
5784492
5789-4
57906348
5790634827
5792
5799
58.000
58.25-5-87
5800
58006
5801
5818
5822
5830
5839
58428550
58437
58492891
58492891325
5853
5862
586-42
58646
58663943
586639432
5870
587343
58739
5880
5882
588327
5887
5889
5894
58982985
589829852
58989
5-8991636
59.1928
59.25-154 70
5909735
591-4
592037
5921
59210391
592103917
59215686
59219
5933
59384
593927
594363
5-95.25 88
5950
5958
59713
597-42
59785438
597854387
59792
598 6 11.99
598-3.751
59855368
598553684
5992
5994
5-995
5997
6 0 3 3
6 11.5 3
6 167
6 227
6 251 786
6 3 3 0
6 4.9-11
6 592
6 6 0 0
6 6 0 1
6 6 6-6
6 971
6 999 448
6.05.062 10
6.097422
6.1 6.1
6.1-6.1
6.20.00
6.23.07
6.24103
6.25 10 6
6.25-16-4
6.255 0 7
6.255 0-7
6.273 3.568
6.31502
6.32323
6.38719
6.4-2.65
6.47-2.68
6.47958
6.48544
6.5 0 12
6.5 14.5
6.503 20.752
6.503-12.572
6.5-31.75
6.58396
6.59587 4
6.6 0 12
6.6 0-12
6.6.16
6.62711
6.67276
6.69174
6.74.38
6.75 5.25
6.75.15
6.75-1.5
6.75-29 0
6.77273
6.79143
6.81702
6.827 6.175
6.85515
6.85842 3
6.86293
6.87917
6.89111
6.987
6.988
60.0625
60.063
600 32
6000
60000
60071
60075811
60075811440
6010
6018207
6020
602024
6030
603915
6057
605815
60613592
608747
6090
61 136 136 136
6-10.8-1
6102
6105551
6105551-3
61212633
612126332
6-12-2024
61253975
612539759
61266
6127
61286638
6128998
61293574
6132
61342844
613428449
6141
61454
6150
6-150
6151456
6155
61558040
61558040806547
61558056
6157
6163
61768157
61938
62) 100
62.56
62.59
6200
6201
6208
621 0 1.125
621 0-1.125
62-1.11-1
62-1.12-1
621.504 1.125
6210
6214
6231623
62388
624143
624146
624-147
6246945
62-489
62521
62552
625914
62605
6264
62674
627 4.476-1
6279
6282
6283
62866
62-9.375
6293
62958
63.187852 38
63.52
63.771-1.63
6305012
63072000
63096
6310
6312
631251
6314
6-3164-4
6321
6328
633 442
63349
63-3536-421
63378
63528661
6352866173
6353
636.247-1.363
63-63
63639
6365604
6366
636-680
63800
63854
63865
639133
63973
64.25 31-99
64.27916
64.65-1.35
6400
64061
64091
6410
64191
6420
64209
642-1
6425
6428
643.1
64344
6437304
643758
64387
6-447
6449
64495875
644958753377267712
64522012
6452201248294491741
64552
646 4.118 4
6-4625
6-467679666
64705882
6-4749-9
6475
6480-49
6489
64905
649274
649-4
65 0 01-8
65.282309
65.397489
65.850243 50
6500
65098039
65100
6514
65147
6519
65-2.15
6520
65405
6541
6542
6543
6544
6546
65498
65555
655997
6561
656-3744-4
657 9.128 8
658448
6590
6590-4174
6594803
6600
6-6022
66118
66176420
6618142
66185
6620
6625
66274509
662893
66290
663 3.498-1
6634
6635
66355212
66437
664-69
66-47
6655319
665969
66637
6664
66666666
66704
6671
6676
669-4
6698
67.03
67.42-1.44
67.699741 83
670113
6709
67-1.68
6712
67190
67-2.55
6-720
6725
67256
67309
6734
6739
6740
6744
675-11.675 0
67534
675-6.253 11
675-73
67587461
675874616
67591
67663
6772
6790
6794
679-9
68 28
68.03
68.42-1.45
6800
6802
6810
6813
6-8158-723
6816
68165
68176815
6-821
6-82631
68-28
683.748-1.15
6830
683-1-300
6836961
684.949
68417
68419
68420
68421
68422
68423
68424
68425
68426
68427
68428
68429
68430
68431
68432
68433
68434
68440
684-4007-95
684-640
685 2
6857927
6864-4958-9
686-532
68665
68682
6872-410
687812
6879614
68-828
68832211
6883221123991
6-8863-50
6-888
6900
69009492
690094923018177819
69014
6902
69020136
6902013625
6903
6904
690555
6906
69061
69147581
6914758113
69164
6919
6926727
69289
693-1.653-1
69312
6943
6946
69547232
695472321
69570221
696.065-1.225
6960
696155
6962
6963
69645
6969
6978
7 1.9-2
7 10.5-7
7 11.3-4
7 17.3-38
7 2.1-1
7 2.6-6
7 38.7
7 50 71.4
7 7 0 0
7 7 0 012
7 7 0 1
7 7 0 11
7 7 0 1112
7 71.4 88
7 7-7 7
7 7-7-7
7 832-4571
7.01-1.79
7.084 4.126
7.09-1.81
7.11252
7.130518
7.13809 2
7.20.00
7.227 8.26
7.23 3.333
7.241024
7.25 4.25
7.25-16-16
7.28 19.99
7.29502
7.3 7.3
7.3-3.2
7.34457
7.36 4.5
7.3-7.2
7.3-7.3
7.37.48
7.4.4.2
7.5 21
7.5 51 21
7.5.0.1
7.505 0 9
7.505 0-9
7.547 0 11
7.5-51-21
7.59634 3
7.606062 17
7.62-2.04
7.68 2 7
7.70053
7.700744
7.71-2.06
7.73-8.835
7.757 2.905
7.77-10.27
7.811
7.811-20.475
7.811-7.81
7.811-7.811
7.85558
7.89 5.26
70.861062 59
7000
7002
7003
7004
7-004
7008
7010
70104-2
7011
7012
7014
7015
7016
7020
7021
7022
7023
7024
7025
7026
7027
7030
7031
7033
70336088
7034
7035
7036
7037
7038
7040
70408-1
7041
7042
70426
7043
7044
7045
7047
7048
7049
70499600
7055
7056
70576876
7066
7069
707.707
707.708
7070
7071
7072
70779
70909
7-10.5 7
7100
7-101
7102
7103
7-103
710-4
7-104
7105
7-105
7106
7-106
7107
711 068
7110
71146409
71146409995
7115
71179
7-12-2024
7126
7127
7131
7132
7133
7147
7-150
715-3
71543
71607904
7168
7170
71742
71764705
71768157
7181
71833031
7185
71897
72.1875
7-2.8-2
7200
7201
7-201
7-202
7203
720-3
7204
7205
72065
7210
72110
7217996
7220
7223
7225
72251
7230
723-1
723100
7233
72331
7234
7238
7250
7253
72552
725739
7265
7268853
7272
72745100
72758
7280
72816
7283
7284
7285
7286
7287
7288
7293028
729-4701-9
729672
729988
7300
7301618
7304
7306
730665
7310
7315
7320
732614
7330
7333592
7339
7340
73411
73432
73456
7346
734605
7350
735353
7357
735862
7359
7360
736-1.039 48
7367709
7377
73780
7380
73822409
73822409140
7390
7392
7397
74.01
7-4.5-11
7408
7410
74177105
74177105-08
74178302
741783025
742102
74255
743 11.65 11
7-431
7432656
74349
7437
7445
7-453
74580
74625034
7470
74723
748 1.15
748.35
7481
748-1.15 3
7-4823
7-486
7496
74990
75 0-136 61
75 0-65.5
75 1080
75 12.5-87
75 1200
75 18
75 1920
75 2.75-31
75 2048
75 24
75 24-27.25
75 3 24.5
75 31-97.25
75 3840
75 4.75 1
75 5.75-2
75 640
75 70.5 0
75 70.5-31
75 750
75 8.25-18
75 828
75 8-8 8
75 89.5 0
75.34.75.75
75.38
75.75
75.75 0 0
75.75 0 01
75.75 0 011
75.75 0 1
75.75 0 11
75.75 0 111
7500
7501
7503
7504
750808
75-1.994-1
7510
7511
75-11.25 20
7513
75-20.5-2
75-24-40-24
7525
75-28-18-5
7529
75-3.5-22
7530
75-37.5 21
7542
75-42
75423
7544
7547
755 1.688-1
7550
75-50.25 112
75520
7560
7561-929
7562
756318
75669
75-69.25-2
757.112-1.134
758 856
75-8 8-8
7582
7588
75891420
7589142071
75894
7590
75972
76) 100
7600
76000
7603
761.9
7610
761-31
76137825
762.54397
7620
7622
7623
76231
7625
7626
76275962
7627596204
76303874
76399
76-4642
76578
76586
766 925
76611858
767.98
767676
7679
768 1.768
76806527
768065273
768-1.768
7690
76928328
769283284
769507
7696191
77.12
7-7.25 0
77.6 0 50
770333
7708
7709
77-1.46
7710
77112540
7711254011768157622
7712
7715
77176
7718-481
77-2.6-2
7722
77220
7725
7736
774 48.774 0
77462
7749
7754
77564
7765
777-3.89 1
7777
7781
7781611
7784
779014
779-1.643
7795
77970
78.12
78.25 1.75
78.75-176 176
78.95-1.93
7800
7801
7803
78-03
78039215
7806341
780-8
78094422
78-1.47
7810
7826
7827
78315588
78-32
78325542
78392998
78392999
78397549
784.011-3.807
784.013 3.808
784.57-1.838
7841
7842
7849
785081
7851
7852
78595
7861
78627466
78694200
7870
78711
7880
78818513
7886
789.027
7890
78910
78-9837
79 569
79.28053
79009587
79009587-1
79-06
7918975
7919
7927
79302
7932
794 1.456-3
794191
79487256
7952
7959
796 0-3.252
79671
796929
7-9809
798102
7986
7996
7998
8 2.8-4
8 256
8 374
8 411
8 447 467
8 8 0 1111
8 8.25 8
8 883
8.00444
8.1 50
8.1 73.2
8.12629
8.188 0-16
8.19 8.19
8.224 0 01
8.233 8.233
8.25-8.25
8.29 20.251
8.348 8.348
8.398-1.15
8.432
8.44486 3
8.47175
8.4864
8.49.05
8.5 0-16
8.5 15.5
8.5 22
8.5 8.5
8.502 11.24
8.51072 2
8.56918
8.60072 5
8.64-7.03
8.748 1.15
8.75 0-16
8.75-7.11
8.901 2.013
8.9104846
8.998013 2
80.19
8000
8001
8002
8003
8004082
8005
80059
8010
8013
8014
8015
8017
802 12345
8020
80203
80208
802121
802-2.169
8031
8033
8034
8036
8040
8041
8042
8045
8048
8051
8053339
8053339-4
80545
8055
8-061
8062
80624999
807.045.975.207
808.049-1.064
8080
8082
80826
8084
8088
8090
80918
80934524
80-96-80
80994
8-1.185
810 138
8100
8101
8103
8105
810542
8106
8110
81130
81142
8115
8120
8125
812565
8126
8127
81283
81-3.28
813-1
81316
81325893
813258939
8135
814.418
814.419-7.814
8142516
8144781
8146
8150
8154
8-16.6-3
8160
8163
8168
8169
8170223
8171824
81-7763
8181
8185
8-1855-406
8190
8193477
8194
82 1.23
82.014265 10
8-2.1-4
82.3913368
8203
8203360
8205
8209
821 1.316
8211
8-212
8220
822-1.316
8223
8225
8230
82303349
8232
823261
8234
8235
82383
824 10.29 9
8240
8241-1
8-244
8249
8257
8262
8270
8275
82768
8278
8282
8293
82991
83 578
8-3.75-8
8302035
831-0
8312
8312-1024
8318
8320
83221
8324
8324-1024
83241425
8327
8330
8332
83333333
8333333333
834 2.85
83-4036
834699
83482
83-49
8350
83-53 132.25
8355
8355-1024
8363-4
8370
8370-1024
83734
8374643
8377
8-378856830156
838 2297
8382
8389
839-15.82
83923015
83923015781179
83934448
8397
8399
8399-1024
84.81
8404
84-10.8-10
8414
8414-2
84150
8417-37
8421
8-4316-887
8432
8432-1024
843837
8440
8443
8445
84454
844618
84482073
844820734528131253
8450
8452-632
8454
847-0
84705882
8472
847-4
8477
8-4779-862
84804
84963452
8498
8499
85.006816
85.75 85.75
85.75-85.5
85.87
8500
85028
8503
8504
85071
8510
85150
85176815
85179
85181
85182
85183
85184
85185
85188
85189
8519
85209
8521
8523
852684
85277
853.07 4.108
8530
85360
85-4818-4448-87
8549018
85563831
8556383164030
8559
8563
85649658
8564965883
85678
857.182.466.399
857.344 1.054
857-0
85709
8573
8573-1024
8575
8576
8585644
859376
86.32162
8600
861.23 1.538
86100
8615
86187
86-192 192-192
8622
862367
8624-2
86254535
8629
8631215
8636
86-62
8663
8671
86779
8681913
86-883
86-9.02-10
87.02
87.39.87.87
87.52
87.87
8700
8703
8704
87061825
87178
8720
8721
8750
87524
87573
87672
8769-126465
8771
87721093
8772109370
8775887
877630
8782
87866
8787
879 2.122
8793
88.39.88.88
88.44
88.88
8800
8801
8803
88056036
881-3333
8816
8818
88185098
8818509896659125241
882.344-1.857
88375
8844
88462
88496
8-8536-6
8864-34260
886513
8869
887239
8872977
887380
8-8885-025427
888888
8895
8899-6
8900
89042
890-425
89050419
890504195
8910
89149
89238
8-927
89306
89316
89318
8935
89356472
89356472-1
893-9
89423
8943
89533
896-796
8982
8991636
8992
8995
8999
9 12.75 11
9 17.25
9 18.8 41
9 215
9 41.9 0
9 9 0 0
9 9 0 11
9.024
9.029431
9.049 2.927
9.06-1.18
9.06-13.47
9.06-9.05
9.11.17
9.169251 7
9.17-13.62
9.21 111.45
9.25 14 9
9.256 2 11
9.26042
9.28.13
9.4-1.7
9.49622
9.5.11
9.545 15.568
9.574
9.67784
9.716 21 3
9.74573
9.797
9.80034
9.97226
90 73
9000
9000734
90007494
90007494576763
9001
9002
9003
90042
9005
9006
90063
9008
9009
9010
9010-5
9011
9015
9017
902 0 011.153
9020
902-1.056
9023
9037-4
90406
9042
904-24.176-24
9045
90-4628
9-0469-4
905.23-1.332
9050
905039
90525
9059
9060
9061-4753
90658759
907 1.768 1
9070
90-72
90764908
9077
90784364
9079
90804
9082
9082-188921
9089
9090
90913
9092559
9-10.93-10
9100
9101
9101089
9102
91026
9103
91036
9104846
9105
9106
911133
91276
913.49-1.302
9137
9141
9148
9149
91-491
9152
917-2
91723
91803
9184
9186
9190
9193
9195
9196
91993
9200
9-200
920361
920422
9205
9208
921 1.603
921 1.902 0
9212
9216
9220
9224
9228
9229529
9233
9236747
9238
9245
92480
9250
926271
9263
92716
92719682
92719682-6
92757
927908
9292
9295
929971
93 89.21
93.853679 20
9300
9301340
9305
93-1.05-2
93138
93166
9317
9318
932070
932278-70
932-40
93252
9326
93278
93292
9333735
9346
93465931
934659310
9347
9350
9350121
93533
9356
93608274
936082749
9362
9363
9364
9365
9366
93669
9367
9368
9369
938443
93916
94 066
94.25 383.75
9401
940172
9404
94094
94156
94162940
94167145
942141
94240
9430
943-65
944551
9471
9474
948.684
948208
94901960
94916
94954
94974
95.25-4-32
95.25-88.25
95.69
9500
95047
9505
951113
9512
9514
9516
952042
9522520
95240
9525
9533
9538
9539
95424
9543
95456468
95456468203
956-4
95-64
95706
9572283
95868
9587
95-9839-4
96 30-96 80
96 4.966 11
960-5191-40
9606
962 6.502-1
9628
96294
963 7.178.07
963-7.178
9639
96493156
9649315654
964987
96559
9659
9664859
966543
96659125
9666
9668
96729
9677
9681-4
9684
969 0 1.371
9691316
9695
9701
9702
97031
9704
9-7047-4
9706
97101
97103
97105
97106
97111
97113
97148592
9715
9716
9718
9719
9720
97203
97205
97216
97225
9725
97270230
9727023074
9730
9733842
9735
9737
9738
974.2
9740
9741
9742
974237
9743
9747
9748
975.045-1.504
9750
9751
9755
9760
97603
97695
977 3.307-3
9770
9-770
97806219
9780621901768157623
97809
9782
9786
97918914
979189149
9793
98) 80
9800
98171
9821
98-46
9858
98617
98677
9868
9-868
9870
987719-5
98823529
98836739
988367399735
99.75
990365
9906
9907
991.98
9922
99238
9930-46
9931377
99-341694
99391
994539
9951
99591576
995915766
99593
99666
9969
998 5 11.998
9981-4
99-8411-3
9-9919-4
9995
99-951
99951530
9999
99995
99999
999999
9999999
